INDEX.

110010-00111. .
01101011 01, 43, 49, 50,51,71,206, 229,
284, 247, 275, 278, 310, 827, 8929,
89201 11,, 394, 549, 555, 640, [766];
111,, 885, 986, 1070.
0111110111 01, 233, 288, 371.
Peter [110 Ρο111101000111],1100-01100-
00110101, 146, 192.
10110110, 146, 192.
1100-05101001101, 66.
court of, 18, 29, 82, 50, 80, 105, 109,
146, 156, 166167, 192, 222, 229,
280, 278, 286, 295, 806, 808, 809,
811, 818, 319, 820, 855, 858, 871,
· 101, 101, 0001111, 11,, 001, (100
110110 800), 418, 488, 486, 488, 522,
550, 562, 628, 688, 698; 111,, 885
(51.1), 866, 900, 954, 972, 982, 1014,
1056.
lawa 01, 265.
0050011601 01 150 11100 01 0001110
10111.. 1061.
1101000111,1101001151110, &n See Romney·
11001000. 800110111οο1.
11001000, Thon, 000 01 11010011. 110, 111,,
1018.
11001015οη (1101015011), wilm, 11, 756.
1011011101οἀ 111, 11,, 757.
11001010γο, John (10, 111,, 1034.
11001010. See 1100111001.
11001001· (1100100010, 0001005010, 1100100-
11011100101111110011101), 11001, 111,
001, 1000, 10001011, 1011, 1011,
1054,1058.
0501011 01, 111,, 1045, 1061.
11011111ςο 01, 111,, 1005, 1010, 1013.
J„ 11011· 01, 111,, 1032.
Romne)⁸ (110010011110, 110.) 511115, 111,
10001011, 1011.
St. 1101)·’0 111,111., 1018, 1019.
1001011 01, 111,, 1032,1033, 1035, 1058.
11001001 (110010ογ, 110), 0111, 111,, 916.
0501011 01, 111,, 10011, 1010.
100101 01, 111,, 947.
11011 01, 111, 1022.

11001001 (1100100501, 1101000111, 110),
6111110110,111., 1088, 1040, 1044, 1047.
0 11112.

1155

Romney-cont.
6011. de, iii„ 1011, 1011, 1011.
1100. de, 111, 1047.
’ 10110001, 1010, 1011.
Pb. de, 111,, 1016.
11010001, 111, 928, 929.·
1100110) 015501, 11, 653, 661 ; 111,, 929.
injunctions 101, 11,, 656, 661.
abbe„ 01, 11,, 6581 111,, 928.
10110110, 111,, 923.
110011010100. SecKennrdington.
1100011011 (11001011), 110101, 111, 1014.
nos, in 971101, 11,, 441, 447, 449, 451,
460.
complaints 01 11100100 01, 11, 447.
1101, John, 111, 10⁵8.
Rose, Thon, iii.. 1048.
Rosa (11011),Ηο101.,11.,432; 111, 1073.
1011011 dated 01, 11, 496, 497, 493
(671111ος iii„ 1011.
1110110110, 11011 012721 111.,1034,1063.
10110110, 111,, 1068.
11010100. See 1111060110.
110101, 00011. dn 100010,11101111,111., 1063.
1101110100. See 1150116100.
1101501000, Roget (10, 111,, 1016, 1017,
1080.
110111011οΙ1, Roget de, 0500001101· 01 Ox·
10111, 111,, 1060.
1101501000, Roget 110. See Archa,
1100001.
110111001ος10. 6001100011.
1101511011, Ι.100.,11000 01, 111,,1071. See
0110 110111010110.
200050105050110 110, 111, 1055.
11000051, Adam (10, 111,, 1000.
1100001110, Thon. 110, 111, 1062.
110000, dean and chapter 01, 221, 111,,
1021.
101101 1ο, 221.
11001051, Adam 110, 162.
1100000110 (1101001), Susa, 01101011 01, 111,,
10011.
1101010000, 5050000 110,11., 659.
1101010500011, 109,111, 147, 0920. Ι900
011οΡοι11110ςο,110110111010111011,81060111,
Bridzenorth.
11050110, John 00111, 1012.

 

