INDEX.

011011110(01101110),11011011 de, 99ος iii.
1060.
011011, 1110111010, bp. 0181. 0111110956-
1980), 13ς 11., 106.
101101 1ο, 13.
111 11111, 11., 106.
01110110. See 0111011.
(1111110010 (7 1101011011), iii.. 1077.
01110100, 00111100010, letter (111011 11,111.,
881.

carmelite 1111111, 100, 919; 111,, 916,
0111001110. See 0111011101. ’

carpentarius, 1100011, diem, 75, 76.

0011100111, 111110. 10,111, 1069.

01101003] (0111111110οῃ), 010101 01,
1110010001,111, 1098. ’

0111011(01110110),1γ 1101010100010111011
convent 01, 159.

carthusiana, 111, 838.

calseum, ’1101 de, iii.. 1051.

01111ομ1110, 11001, 111,, 997.

0111030100, 11111111 110, 111,, 997.

0111110 (1101110001), 1111011, 01010101,
11.,159.

0111010010. See 0011Ιο11010.

castello, 1110110111, 1058.

0111110, 1110010 111,, king 01, ii., 589 3 iii.
1061.

0111110, 1110010 lv.. king 01, 81111010, 111
100, 11., 589.

0111101010 (0111011010),11011., 1015.

101101 dated 111, 169.
prior 01, 111, 10119.

011110,1’10.110, 111, 1019, 1051.

castro 1101011111, nugo 110,111., 1089.

011110 1101013 1910110111, 1010.

0110110101οο, 11001, 11., 896.

0110111, 0110101101, 101101 10,11, 701.

0110111, 111111011 110, 111, 1040.

0111000811 111100 110111, 1017.

0110100 (01101111, (1011111101 somniuae,
111,, 1008. ·

0110010011ου. Sec Cumpdcn.

01010100, 110111, 111,, 999.

Cannu-brug, 11. 110, 915.

(fava, 1101101110, 01000 01 1100010, 90,

0111010111 110,111., 1059.

1101

0010111101, 111,, 1090.
1011011 dated 111, 111, 10601079.

0010111001. See 1101010111ιο

01110011, 101111, 101101· dated 01,111., 1066.

011100, Μ111011110, 111, 899.

011001, 11011011 de, 111 daughter, 11., 701.

0111011001 (enervent), 110010.,01010101
363.

00101010, 11011011 110. See 0101011010.

00111113, 1100011011, 1098.

00111011. See 0111111011.

0010110111ιο. in, 111,, 1011.

0111101010. 8000101001.

00111010, ’1100111111 (10, 111, 1059.

001101001 (0101111011), 111, 998.

0011110100 (0101101100), 191111, 010101 01,
111,, 1015.

0101110111οη, 1101111110, 111,, 1079.

0101101100, 1901110111, 1078.

0111111011ος, 01000, John 110, 11., 755.

01110100 (0101100 or 0111111100), 111011,
111,, 1070.

0111000010, Walter 110, 10010101 1111111111,
111,,871.

0111110010, 11. (10,11, 658.

” 0110160110, 1110. (10, 111,, 1039.

Chalke, 11. 1901101110111, 1039.
01101011010, 11111101,111,, 981.
chambre, Walter de 11, 111, 1016.
01100011, 1110,11,, 087.
01000110, 1101, 111, 1019.
011101101, John 10,111.,985.
0111111011 (0100103101, (1110101110,
111,, 891, 997, 998, 999, 1003, 1006,
1010, 10³³, 1019, 1076.
1011011 dated 11, 881, 89911 111, 894,
911, 938, 978, 1099.
0111101 01, 11., 690.
01010101, 65 ; 11., 680, 681, 713 3 111,,
998, 1093, 11159, 1056,1076, 1073.
rector 01, 111,, 1099, 1093, 1056.
(11111, 100101 ο1,111.,1070. See 111·
(10011110, Gilva 110.
1101111110 01, 111, 1090.
01111011, 010111000101110111, John 110,
111, 1039, 1011.
namo (10, 111,, 1059.

 

