INDEX.

8011110100 110, canon of lleriotoeshm,
111, 1015.

1101, John, iii.. 1017.

numere, John 110111, 1049.

8011000101, 11110. 110111, 1051.

11011ογ (11011010), 8011.,1011011 1101011 01,

181; 111,,1001.
namuh, 1110. de, 111, 1019.
numu, 11100110, bp. 01 1110101 (1999-
1807), 111, 931, 1003.
8011111050ὴο 10111, 1081.
1101010, John de, 111,, 1016.
1111110. See 1101111111.
11011011 (Boc-stede), 8010, 111, 999.
letter 1101011, 111,, 981.
01101011 01, 111,, 1016.
John de 10πο1,11010101,1011011 10,
111,, 984, 987.
· 1101100,11011.,111, 1015.
11]. secundani.

0

0110111110, 101101 1101011 01, 111, 1087.
0011000001 111001, 0 11οΙ1111000, 11,, 156.
(laen, 1111501101 (dte 00111010), 11, 576.
0110111011 (1100111000), 110001, 111, 1010.
0110000011οη, county 01, 11.,159,158.
0001000100 (1101001110), 111, 778, 788,
71191060.
letters dated 111, 111, 788, 789.
00011001 (0011011001, 1101011001), 110010,
863 ς 111,, 1065.
⁰ 0001 1111 (hyms, Keyr Wys), in
Wules, 11,,159 (bis), 160.
(1110010 or Pynhnm (10 000000),811001,
priory 01,111., 1076.
(alecto, 1101111110 110, 111,, 1018.
01110010, 11. Peter 110, 111,,1018, 1015.
0000111010 110111, 1081.
0011000110, Anco, wife 01 811 1110110111110,
11.,613.

ΝΜ

0011010110, 1110110111, 1018.

00101011 (00111111111100111011 01, 11001, 990
(bis).

00100, John 110111, 1080.

Calvus, Wm. 11101101, 111,, 1015.

camber, 100 01 Brutus, 11,, 4611171. · ’

“00015100001001’,” 8010111110, 111,, 1010.

Cambridge, 06 ς 111, 918.

friam 10 chapter 01, letter 10, 06.

Camilla, Το1111101 de, 11000 01 11701101-
110010100, 181, 381, 885, 388, 3871 11,,
419, 511, 518, 550, 559, 5611, 589, 598,
Μωωωωωωω1
888, 1005,1017,1057 (51111059, 1089,
1070.

camoys, 50110 10111, 111,, 1008.

11111011 his 100 und 5011, 111,, 1008.

0111001100 (0000001100), (11000, 01101011
οωηώψηπηὴωωωω

0010001100, Hugh de, 111,, 1088.

campis: John (10, 111, 1009, 1087,1048,
10501051.

Campus Crul, in Wingham (110111),11,
896.

00011100. 81. Felicitas 01011011, 1110011100,
11,, 1067.

cancia, 11. John 110, 111, 1050.

0110010, walter 110, 011000 01 Lichfield, 818,
wammam& ·

0110010. 80111001.

0001101 Episcopi, 1101101 de, 111, 1019.

0001101010111, 1006.

011000 heah. See Iaegh.
(3001οὴ10011, Adam 110, 111, 1059.
0001011100. 8000011110ρο.
Canterbury (cantuar’, Cant')‚ 11, 59, 87,
180, 181, 178, 195, 868, 818, 381,
388, 889, 398ι; 11,, 538, 687, 618
ωημ101ωΛοιω,
1006,1016,1017,1088, 1031. 1059
(101), 1048, 1051 (101), 10511086.
1011001 1111011 01, 889, 890, 8981; 11,
waaepffl3fflwwwm
1078.
Au 011100·0101011,111., 1011, 1092.
1111 saints* church, 10010101, 1088.

 

