mnu.

sardonia, Wm. 01, letters to, 11., 4911 111,,

789.

sarr (1811111), 11111, 1101111111 01, 111,,

1019.
8111111111, Peter 01, 11111101 1111111111111,
iii.. 1011.
8111111011, 111111γο1, canon 01 Lincoln,
59, 90.
111111 11, 69.
8111111, Roget, 111,, 999.
81101, 1111111111 01, Arehbp. 01 011111-
hury (1944-1970), 8, 63, 96, 109,
181, 189, 909, 944, 980, 306, 3990,
3991, 99911ς 11., 551, 639, 716, 111,,
898, 889.
his 11111, 8, 909.
his 1110111011, 11, 661.
sawtry (8111111),111114, 144.
81111111 0111111, 111, 1010.
81111111 1111111111101, Suff„ iii.. 1049.
8111131111110111 011111. 01 1111111111,
111,,1099.
8111111110 (8011131110), 11031101, 111,,
1007. '
Sealmen', 1111111, 111,, 1095.
8111111111, 1111111111. 01 8111111111 (1984-
1986), 111,, 835, 865, 916, 1096, 1036.
11111110, 111,, 895.
his 1011101111111, 111, 865, 1096, 1036.
8111111 (8111111), 01011111 01, letter 10,
11.,709.
8111101131, 984.
0111111111 1111 11, 916, 916.
8111111 Minor 111, 915, 916, 946, 947.
11111 111011, 947.
mayor 1110 burgenses os,letter 1ο, 948.
vicar 01, 11110110, 946.
8110111111. 811811110101111.
81111111, 1911, 111, 1016.
8111111101, 1111. 01, 111,, 1098.
81101110 (0111111111), 11111, 111, 998.
81111110,.101101, 111,, 998.
811111101111111, 111,, 998.
8111111010, John 01. 111, 998.
8111111111110,.11111 01, 945; 111,, 877.
80111111, 8118111111).

801111011111111 (8110011110), 11111,

11111111, 111,, 1010.

,1159

1 8111111111, John 01, 111, 1041,
¹ Scheldewyeh (81110111111111111111130.
¹ 111.,1010,1018.
1 8011101111111111. 01, 111, 1040.
1 81111111111111, 11. 811111. 01,111., 1036.
1 8111111111 preceptory, 111, 1061.
l 81111111, near Ginridge, 81111.,111.,986,987.
Schippedham (Shipdham), 11011, letter
dated 11111, 1004.
811010111111. 01, 111,, 1091.
8110111111. 811811111111.
8110111,.1011101,111., 1011,1061,1069(11’1).
8010111001, Wm. 01,111., 1099.
8111111111, 1911101111, 1069.
8011101111 (8101101111),11011.,0111)111111
111011, prior 01, 111,, 1009.
Schyreburne. SeeSherbome.
Schyremannebyr'. See Shormnnbury
(8111).
8011111111, Heu.. 111,, 1094.
810111, 1111110101, 11., 708.
8001, 111110, 111, 1051.
8101111111, 11., 701.
810110, 11011. 01, 1111118 01 11111, 111, 1071.
8101111001, 1111111111, 1094.
scota 110 Picta, 1111, 11., 474.
8101111111.. 111,, 1005.
81111111, John, 0101111111, 809.
811111, 1111.,111, 1097.
8011111111, 474.
81111010 (811010), 8111, 111, 1049, 1044.
8111010, Walter 01, 111, 1019.
8111111111, 11111, 81. 81111131 vicmo. iii..
1005.
Seu in Normndy, abbot 01, 11., 661 (5101
111,, 786, 78711.
letters to, 11., 661 ; 111, 786.
811010. 8118111010.
8111111114 (semna), 00111 (11, 111, 1009,
1018,1031,1089, 1040.
8131111, Wm. 01, 111,, 1003.
1 8131118011. de, 111,, 1059, 1064.
8111, 811ογ11, 11., 461.
81111110100111, 111,, 1043.

3 8111, 11. 1111101111.. 1046, 1047.

ἦ 81181οέ11418(811111111),111111, letter 01110

 

