1111100111 11. 999

1010. Ηο0. Ηο00 1010 fourth 010 1101311111 100 10 8101100110 000
00011101· 10 Dono, 11010 hy Ηο0111 1110 10111011-

1291[-2]. 710. 111011. 01 Βο0100. 1101110 00 101010001010
11013110 10010 8110101103 000 111100 01311110 01 010010 8101010111 :
-17 kal. April 01 0001010011, 110010 00 Μο1110301110110Ι 1,-1292,
8001. 101. 01 otteford. 1. 00 0011011010 1010 1001111 part 01 0
10131110 100 10 01110.

1101110001 000 ,10011101 10 the Archiept'ewpate 0111011. 1110010000.

1302. 8 001. 001. 0111101303, John de 810110,10111011011013111’0
100 111 1100001001.

1303. 21101·.,1011101101101 1110111101 01 0110111010, Βο1111. 00
8. 1000030110 101 2 10131110 1000 10 0100001110 000 000101100-
00011010 :-3 id. 001. 01 0101031οο, (10011ογ 1011010110, brother
00011011· 01 1110111110 1101010 101 311010. 1000 01 (11100, 8000011,
11000100 000 00010100 000 1000000010, Κο01ι-111101.1)00.,01
chartham, John 000 000 heir 01 101011010100100,11013111,101
31 quartem 01 0 100 10 Ρ1011010 10 00111011 11000100 ;-4 id„ 1100,
10 1110010001 01 110301 801030 (via, in 1110 hall 01 1101111103).
noenia 11011000 01811 110301 00 11100100οω0, 101 11 1001111 01 0
10131110 100 10 810110001110.

1901111011. 001. 0101101103. 0111101100, 1110011 011101. 00
Κ11110111 101· 0 1111131110 1001-

1306. 41101. April 01 011103011οω. Ηο0. 00 11110100 10111011 0
10131110 100 10 11110100 000 11011301οο 1-1308. 5 Non. 11011, 01
1010011010, Nic. Poyntz 101000 1101311111 100 10 111111103οω00 :-
111.1011.1111111110,1ο10110110101101101101010 8000110101
101 11011 0 10131110 100 10111100001001-11 id. 1101. 01 1ιο111011,
1101011 111001101 000 10131110 100 10 ’1110100 10 1110 hundred 01
1100111-1309.8001. 1101. 01 1100311001, 10110 00 11011103 101
110110 100 10 110111031-

01οζ-10]. l 11101011. 1101111300001110. 01101101· 1110110100101
110100010101-110100οΡ000010 101110110 11111311101001011111001100-
ham, 011110010111131110100 101 1110 01000101Τ11003010 10 80101110,
000 1011110 100001 01 010100011οι0 10 8000011-110301110 Kyrkeby
101 1110 1101001 01 Ηο11000 1-1310, 7 kal. Aug. 01 00011103,

Thou. 00 1101101110 101 hals 0 1111131110 100 10 80110 000 11010, 1010
held by John 00 Βο1001000, 10 0010110110 hundred ²-

1310[-11]. 31100. 1000180011 11011103, Ηο0. 0οΒ00100, 101
1110 1110011011 part 010 1111131110 100 10 8011100000 00010100.

-—---—- ... -

0001011001οοοω 81001100 00 11010 00 01011010 010111110 10000110-
100310310 11100101010000110011101010300, 4 10. J 00. 1-101101101 ·
100101011101101000 (1101103100), 1101110 011110 1110001 01 10300010.

¹ 110003011101010 1001310.

 

