INDEX.

1151

10110300010101110301011,00110, 111, Ρο110(Ρο1100001), 5101100 01, 1061. See

1008,1031.

1010501115, Thos. 10, 111,, 1045.

101100, Wm. 10, 111,, 1033.

10010010, Philip 10, 111,, 1013, 1058.

1000501100, Sir John 10,111, 791.

1000100, 1001150105 0100101, 11, 715.

Ponte, (10101010 (10,11., 701.

1001010110 10,111,, 014.

1001011001, prior 01, 111,, 1056.

convent 01, 148.

10010 11050111, 11. 1110010111, 1081

1001150011. Nic. 10, 111,, 1031.

10011011, John de, 11, 504.

1001130) (100110100010),111., 889, 1000.

10015011, 0100101 01150 0550101111,

1005, 1011, 1018.

1001100111,ώὶ01 8011511100, John de, 11011·
100000 01 1110101, 5111100 01 win-
01101101(1181-1804), 80, 175, 177,
010, 010, 011, 00000000, 0.,110,
554, 555, 556, 557, 610, 091, 639,
[101. 100]; 01,, 000, 001, 1000
(511), 1004 (511).

1011011110, 11, 557, 640, 699 3 111,, 806,

837. ·
Pope, 150. See John XX„ 1110110110 111,,
· 1111111011.,11105010015’.

1001111011051. 10, 111, 1030.

10103110, 50111110, 7, 53, 64, 65.
101101· 1ο, 7.
hin proctor, 64.
his 00010, 64.

10111001, 0.,1101000 01100010101101 10,
11, 511.

1011, Thoe, (10, 111,, 1010, 1051.

Porta, Adam 10, 111, 935.

10110,1011010, 10 11011100, 111, 1048.

Porta, John 10, 111,, 1010.

1011001, Roget 01, 111, 1050, 1051.

101111110010110, 111, 1043.

101101, 11011. 10,111., 935.

101101010, 1100. 10, 01 801011, 111, 1041. Ι

Portos-yn (Ponsea), 1101110, vicar 01, 111,
1030.

10110010, John (10, 111, 1030.

1011001010, John 10, 111,, 1013.

1111110115), 1105011 (1178-1180); 1110·
30100110, 3010011 10.
10110, 000 01, 48.
Portam (101100γο), 110010, vicar 01, 111,,
1030.
101001001050, 111,, 1043.
1010101, 10101, 111, 1054.
1010100. See 10110100.
10110100, 111110, 111,, 1005.
letter 10101 01, 111,, 1097.
Panem, 1105011, 378.
1000101001((001011.),01101011 01, 375 5 111,,
1073.
100101 01, 111,, 1010, 1068.
10010, 1110.10,111., 1057.
101010, nie„ 154.
Poyntz, 1110, 111, 999.
1101100101 (1100501), Roget, 01 1101110010,
111, 1031, 1033.
11000010, 3010100, 50. 01, 101101 10, 11, 601.
1101,1110.,111,1040. ·
11010, 111100 10, 388.
1011000510 11110, 388.
11010, 1101101110 (10,111.,879.
11001101(11101100101), Roget, 111, 1031,
1033.
11000, Adam, 11, 450.
11011100, 11101, 111,, 1039.
11001000101001100 01101, 110, 180.
1101100110, 111011. 10, 111,, 879.
1100111000, 110010 10, 111, 1046.
11011011 or 11001000, 11, 685, 701;111.,
997,1033.
1100100, 110111, 0110101101111, 1018.
Walter 10 11001000, 100101 01, 111,
1005,1018.
10010101, 111,, 1011.
1100113001, 111, 1005, 1019.
vicar 01, 111,, 1036.
1101100 11001 101-1110081000 10 Fau-
10110111, 10010101, 111, 1011, 1058.
1100100 011110100010110 10111, 1019,
1041, 1041.
11105001 10, 111,, 1035.
1110. 10, 111,, 1035.
Thus. (10, 111,, 1045.
11011011, 1033, 1041

 

