11101111.

nothing, 01111100 01. iii.. 1010, 1050.

ordination in, iii.. 1050.

mm 1010 10010101, 111, 1010.

11010101, 111, 1050.

11001100, 0000 01, 10110110, 301.

11011100100001,1111000 01, 111,, 1055.

11001100 (1100110001, 1100101100), (10011. 00,
111,,1051.

1100. 00,100 01 Ρο101, 111, 10113.

Nic. 00, son 01 (10011, 111, 1051.

Ρο10100, 111, 1053.

110001, son 011001. 00, 111,,1050. ’

Simon 00, 111, 1030.

Wm. 01, 111, 1050.

1100111000 (11011100), 1101101,111,000.

1011010010001, 111, 061.

000100 01, 111, 1010.
110011000,11’01.00,111., 1005, 1001, 1040.
11001011. 811110000100.

11000001, John 00, 111,, 1016.

1101100001, 100000, 11,, 408.
11000010000110,11110. 00,111., 1050, 1053.
00000100, 10110100100 01, 06.

1100000011. 8100001000.

1100001, Wm. 00,1100101 1100110000, 111,

011110000001, 1014.

11010101, (11111011, 000 110010, his 0110, 111.
1008.

1111011000. 801110011110.
11010, 1001. 10,111., 034.
1101001, 1110. 00, 111, 001.
11010111100161, 111, 1000.
John. 1100101111, 1060.
1101110110110, 00111. 00, 111,, 1015.
11010101, 1100, 111,, 1045.
11010000 (1100011111),.10110 00, 45, 018 ; iii..
1000.

1003

1 1100110011, 0110010001010010. See 80101,

1101.
1100111οο 01001001, 111, 1010.
110001001οο, (000100100, 1100γο01011),
11001, 11,, 006.

000100 01, 111,, 1006.

prebent} 01, 111, 1001.
Bonon'. ,111Βο10000.
Bor or Βο10, 1110. 0010, 111,, 1011, 1041.
11010000, 1010100111, 1010.
Βο10. 8111101.
00101111, John 00,111., 1010.
Romen, 101101 00100 01, 111, 1004.

, Bothum, (1110011, 111, 000.

11010010,Το00101 00, 111,, 1050.

Rome, (1110011 00, 111, 1014.

1101110000. 801 1100110110.

Bos, John (110101, 01 1100000 0100.,111.
1010.

11000010, 111101, 101111 dated 01, 010.

110000, 11000111, 10111, 1050.

0011000000, iii. 1040.

1101011001 (1101000118000.)1), 11,, 500; 111,,

1049.
000100 01, 11,, 060.
canons 01, 111, 1010.
1101111010, Peter (10, 010111, 11,, 500, 564,
518, 081.
1100101000, 11’10.00,111., 1040.
11011, 11001. 11101111, 111, 1010.
Βο100, 1110. (10 10, 111,, 10³³.
110111101,.10011 10, 118.
00001011, 811 8100110000111, 1015.
1101100, 11001. (10, 111,, 1008.
11011011)’(·,11·. 1110. (10, 111,, 1001.
1101100100 (1100100, 11001000), 111, 000,
10³5.
101101 (10101 01, 71.
100101 01, 111,, 10115.

11010000 (11011011, 11010010), Paulina (10, 0 vicumgeos, fii„ 1005¹

iii„ 1060, 11111.
11011, 110111..111., 1011.
1101101, Wm. 10, 111, 1156.
1101011000, 110111. 00, 111,, 1010.
11011010111010,81. 1“100011000,111, 001.
110001, (11111011, 111,, 1041.
1100110, Thes.. iii, 1051.
1101111, 1101110, 11, 567, [1661

J 11111001011,(1(0111.01,001101 01 11111010οα01,

111,,001.
1101100100 (1100100), 111100 (10, 111, 1011.
1101100100 (11001000), John (10, 111, 1040,
1100011100 (11001011), 11101. (10, 111, 1000
(ms), 1011 (10).
1100001011 (1100100) 11101ρο1, 0110100 01,
111,,1010.

x!

 

