INDEX.

811111, 1111111 11, 381.
Sudbury (81111111), 81111111, 179, 111,
1015.

111111 (11 1111111111, 111111111111, 8.
11111(111111ο1,63, 1811881 ; iii., 1071.
1111111 11, 111111 to, 967.

81111111 (811111), 1111.11,111, 1008.
8111111111 (8111111111, 011111), 111,
1079.
8111113111, Robt. 11, 111, 1039.
81181111, 1111111 1111111 11, 111,, 1003.
811111111111111, 1111111 dated 11,11., 183,
fflffifflwwmffl
8111111111. See Swinefield.
Sully, Mabillia 11, 111,, 1011. ι
Sully, Walter 111, 111,, 1011, 1051.
8111111111 (8111111111), 11111, 111,, 998.
1111111 11, 111,, 1015.
1111111111 ο1,111., 1006, 1008.
81111111, Barth. 11, 11,, 579ς111., 1016,
1018.
8111111111, 1111111111, 1011 (111).
mmmm
justiees 11, 111, 1000.

1111111111 11 See S. Lcofurdo,

(1. 11.

8111111, J. Warren, Earl 11. 8111111111.
surrey (Surr’, Sureye), Bengamyn 11,
111.,1038.
1111. 11, 111, 1069, 1051.
Thos. 11, son 11 nic, 1089, 1051.
sussex, 11, 538 [783] 3 iii., 1000.
111111 11, 11, 113 ς 111, 899.

8111111 und 8111111111) 11011111·
1111, 1111118 11, 11111111, 13.

81111111. 8118111111).

8111111111. 8118111110111111.

8111111111, 0111. 111, 111,, 1030.

8111111 (81111111), 111111 ο1, 111,, 1017,
1019.

81111111, 11111, 11111111, iii., 1076.
8111111111», (1111111, 111,, 1011.
8111111111, 8111, 111,, 1015.
1111111111, 1111111 11111111 111, 161, 165.
81111111111111111, 111111, 11,, 896.
1111111111, 1111. 111, 111,, 1013.
8111111 (8111111), 1111111.,111. 1013.

1165

811111, 1111111111 11, Cant. dioc.. iii., 1009.
Barth, 11111111, 111, 1009.
11111 11, 111, 995.

811111, 011111, 1111, afterwards bishop ο1
Ῑ111110111,16,59,100, 101, 108, 115,
190,121,158,173,880;11.,599,512,
mmmwfflmm
851, 857, 858, 887, 8911921, 911,
1003, 1099, 1069, 1068.

letters 1ο, 16, 52, 100,101,880; 11,,
558, 565, 738ς 111, 788, 857, 858,
896, 911, 1003, 10911061.

811111111111111, 11111111, 1008, 1016.

81111111, 1111111 111, 111, 1039.

8111111, 1111111 (11, 111,, 1083.

Sutton, Robt. 11, 111,, 1083.

811111, Roger 11, 111,, 1039, 1033, 1039.

8111111, 8111111111, 111,, 1083.

811111, Thos. 11, 111, 1019.

8111111111, John 11, 111,, 1038.

81111111. 8118111111111.

8111111111, Wm. 111, 111,, 1007.

81111111111111. 111, 111, 1059 (bis).

81111111, 11111. 11, 111,, 1018.

8111111111, 11111. 11,111., 1019.

8111111111, 111, 1018.

8111111111, 11111, 111, 999.

8111111111 (811111111), 1111111111 111, 111111
nereford (1989), 11, 188, 198, 190,
500, 507, 515, 531, 535, 111, 991,
lwwmmm

1111111 11,11., 500, 515, 585.
1111111111111111 11, 111,, 1068.

8111111111, oin». 11, iii., 1019.

81111111, John (11, Ι111 ο1 01111.,111., 1019.

8111311111, 1088. 8111111 811111.

1

1111111111, near Wnrwick, letters 1111111
mmmmwm

11111111, 1111111. 11. iii., 1050.

Τ1111111 (Τ11111οι1), 0111111111. do 111111-
1111, 11111111, 111,, 935.

 

