INDEX·

81. 1101111,οω 8001001100, 33111.
1010110000110,1111100100σο
0101110 01, 111, 1015, 1010.

8. Dionysio, 000 110, 0110011 01 Paris, iii.,

87⁸.

8111001110, 1101010001, 1051.

8111010001 (1101011), lettera 001011 01,

111,, 173.

8. 1111011000, 1110000, 111,, 1030.

8. 11000100οο, 1110. de, 111, 1013.

8. 1101011000, J 010 00, 111,, 1037.

81. 1100100011 11111101, 10, 111, 161, 307.
,1010ζο1101 elect 01, 10.
1110101,111,1011100000, 1000

(10), 1010 (10), 1000
10110110, 111.

81111010, 1010 00, 111, 1011.

81111010, Walter 00111, 1011.

81. 0101. See 11001 8. 13101.

81. 11111010,10111101. See 0001011011.

81.Ε110111,1’10000, 01101 und convent 01,

11, 111, 131.

8. (1001ςὶ0, 1101010011, 1010.

8. 0001110, 11001. (10111, 1010.

8. (1001110, John (10, 111,, 1011.

81. (11010111. See 0001011011.

8. 10101111081011. 00,111., 1051.

81. John. 101111, 1001 01, 111,, 1011.

, 81. 10111 01 1011001010, 011101 01, 111, 1011.

81101011, prior 01, 111, 1000, 1000. 800
william 00 110010.

1100 prior 01, P. 00 11001001, 111, 1011.

8. 1011100110,.1010110,111, 1031.

8. 1000010110110111. (10111, 100.

8. 1110111100, (11111011 00, 1100011101· of Chi·
0100101, bp. 0101101101101· (11811-
1³05), 3110, 335, 307, 089ς ii, ⁵9³,
111ος 111, 10111.

080101 01 1110 court 01 0001011011, 111.. ξ

101, 1101110),1010,1000.

8.10001010,.10110.·,111., 1001, 1000.

8. 1110001110, 111110 00,111,113, 1033.

8. Mario, Petet 00, 01010. 01 8111101, 300,
111,, 011, 1075.

81. 1101110, 101111 110, 11, 111,110; 111,
11113.

8110111οο, 00111 0001, Barth. 110, 111,,
1011.

Ι 8. 11011100, near 0001, 1100010000,111.,

10001011.

81. 111111 011011, 1101011, 111, 1011.

81. 11111111 01110111, 0001 80011001100,
111, 1016.

81. 110111 super 10001001,Ι.10001111 dioc„
111,,1010.

81. 1101100 Pr& (00 Ρ10111), 0001 80111-
ammon. 011000 0011 0001001 01, 101.

S. 11101001011111101110, 111,, 1030.

S. 1110111010, 111111. 110,111., 1010.

8. 1111111000, 1100110111, 1010.

8. 1111111000, 11011. 00, 111.. 1038.

81. 1111010011, steph, 00111, 1038.

81. 110011, 1111010, letter 00100 01, 111,,
1065.

St. 8100101, 0111000 (10 Ι100010), 11001,
111,,1031, 1073.

81. 11100101, 1101.110,111., 1011.

St 0010101100. 00, 00000 01 1101010111,
111,,1011.

81. 0011101 (80100),0110101,111., 1008.

John, 01101 01, 111,, 1063.
Adam. 01110101, 111,1003,1060.

S. Paulo, 10111. «10, 111, 1033.

8. 1001011011. 00111, 1038.

8. 1)01110,Τ1101. 110, 111,, 1031, 10331011).

81. I‘uul's. 800 1101111011.

· 8. Petro, 11111011 110111, 1010.

8. Petro, Λ111011110, 111, 1015.

¹ 8. Petro, ,101111001111010

8. Petro, 110111. 00, iii, 1001.

8. 1111018111. 00, 111,, 1010.

81. 1111111011, house 01, 111, 1065.

81. 1101101000, 1110001110, 11001, 01101 01,
100, 10.,1000, 10011.

81. 110001001111. 111011. 110111, 1033.

81.110110111011,11. 810. 110,111, 1033, 1013.

81. 1100011100, fr. 11011. 00, 111,, 1038,
1018.

Ι 81. 1100011100, 11. 8010100000111, 10111.
81. 1100010011, ,10110 00, 111,, 1031.
8. 8011010110, Simon 00111, 1051 (bin),

'‘2.
8.88011111011,.1010 00111, 1011.
81. 8111111101. sce under 1110010001.
81. Thomu. 800 81011001.

001

 

