INDEX.

111ιεὶ100100. See 1101101001.
1110100,01100,101111110100 11, 111,, 1078.
1111110011, 111101, 283.
Τ1000,111., 1000, 1010.
1110001, 1111 saints 1111111111 10, 111, 1078.
St. Lawreuee's (1100011010), 111,,
1005.
81. 1011100000, 81011000, late 110111 01,
111, 1005.
St. 1110110Ιο11. See 8101000101 01
Wude.
11111001, St. 0001’11,111101.01,111.,1005. See
0100 Τ11110111.
Τ1101111111111, 1101111011, 978.
1110110, Alexander, 11, 7⁵5.
’111010111οκ11, 1110110100,111., 1084.
1100111110 111 81001110, 11001, 111, 997, 999.
1110011001. «80111ογ0110ιο. -
1110011010, 1010 01111. 01 (0111010011, 111,
941.
111001101δὶ10. 8101001010011.
Thomu (Το1110), 1111111. 110, 111,, 913, 915.
1110111010. See· Turring.
1110110111, 51111. (11110111), 101101 1101011 01,
114.
1100001, 152.
11111ου11 See'l'itehfleld.
11111110, 1101111110 10,111., 1031.
1110101001, Thus. 110, 111, 998.

111111011110111 80101110, 110111, 111,, 997, 999. ’

Thomas. 110101, (110101001110011111011, 70,
76.
1000101,111·111101 1001100. See London.
1110101111, 01101100110101 10111. See York.
111011100101111, son 01, 111, 1053.
Thone, Hugh 110 10, 111 11111011, 111,, 1039.
'rbem-brigg. 8001111101111110.
11100110. ,8011001111
1110100, 11001, 111,, 999,
Τ110100,1110.111·, 1111, 1045.
’1110111111111111111 111,, 1054.
11101001, 000111, 01111111 01, 08.
1110101101111, iii., 1005.
101101 11111011 01, 111,, 888.
1110111 110111), 11001 1101111011, 1011οη
11111011 111, 1531 111.. 1015.
1110111, ,101111 110, 111,, 1054.
1101111111011110,1110. 1111111, 1041.

1167

11101100, 11011.. 01101011 01, 111,, 1016.
111011011οο (ΤΙ101110110111), 11011, 01101011
01, 111, 1009.
1110000000, sir 110ςο1 110, 111,, 998.
Boetia, 11111 11011011, 111, 999.
Tylis, 11101110 110111· 110, 111,, 1083.
1111011100, Guy 110,111., 1015.
’1111100100 (1011011011), 81100011, 0001011 01,
11, 610. See 10111011.
1110110010οω 11Ιο0100000, 110111, 111,, 999.
01101011 01, 111,, 1015.
110010ςο 01, 111, 1006.
11111010 14111101, 111,, 105811.
11110101, Dominus 1101101101, 11, 444.
11110101, John, iii., 1053.
1110111010, Ηο010, letters dated 01, 11, 054;
111,,1019.
0111101 01, 080.
canons 01, 111,, 1030, 1045.
’10010100 0110110100101111 110111, 1033,
1039.
Testes (Nors ), 1011011101011 111, 177.
1011101110, 11011011 11110, 111,, 101.
10111011 (1111101000), 811011, rector 01,111.,
1049.
10111110,Ρ111111, 110101· 01, 111,, 1044.
1011, 110111.,111., 1098.
Tange (11100110, 101111), 110111. 111,, 948,
1009.
01101011 01,111., 1039, 1050.
ordination 10, iii., 1048.
10010101, 111,, 947, 1018.
110010ςο 01,111, 1018.
10010, 1101010111, 111,, 1018, 10719.
101130 (11101110), Simon 110, 111, 1047,
1048,1049.
1011111110(Το1111011), Susa„ 01101011 01,
111,,1000.
10101, John, 1111011, 111,, 1099.
1011011100, 1110. 110, iii., 1030.
10111011, 1101. 1111111, 1045.
10111. 8001110111.
1011011011, 11. 1101101110, 111,, 1045.

1011100100 (1011101011), 11. ,110, 01, 111,
1045, 1049.

Το11111111110 (1011110110), 1111011, Susa.. iii.,
1070.

1011010010, 1110. 110, iii., 1011.

 

