mom.

11100001011,11011,0100 01, 151.
11οο1, 11031111, 11, 701.
1111011101, 00111111, 1068.

1153

1111100110-1001.
001110 of. 11,, 458.

ι constable 01, 11,, 181468.

nme, 11011011 0, asu (0., 00, j nomiman· of, paor 0111, 05, iii„

1071.

rector 01. See 110110100υο 01.
1110010111001011, 1001, 1011.

1100103100 (11101103100),11011., rector 01, f

111, 1058.

1113111110 ab Yomrd or Youmh, 111,
1027, 1028.

Reginam. See (1100101111,11101 of.

11001031001111011 (11,111., 1016.

11101110, proctor ((1 Rome. See 11011000,
1101111101 de.

11101οι0 01 vichio. See 1101101111.

11101001 (1101011010), 11101, vicango 01,
111,,1011.

111010101110. 01,111., 1040, 1048.

1160111110, John (11, 111, 1016, 1048.

11101010, 11011. 01, 111, 1051.

11101υο10. 8101110100.

1110100(111ρί0(100), Derbysh„ letters (111110
at, 101, 111,, 10111011.

11111οω031. See Risborough.

Retung or 1111111111, 11001, 11, 896ς 111,
997,900.

nemag, prebeud of, 111, 1001.

Retlyug, John 01, 111,, 890.

11011111, John 01, 111, 1046.

110111, Adam 11,111., 1050.

1111101111, Adam 01,111., 1017, 1080.

Bargate, (1111111 01, 111,, 1081.

11110011,.1011001,10, 14 ; 111,, 1000, 1081.

1111111110, 12, 14.

11113011, 1111101. (11, 111.. 1040.

1111011101 01 1111111111, 1060.

1111011001. See 1111011010.

1119011010, (1111111101, 111,, 1081.

1111000100 (1101111ιο, 1101111110, 1100011-
0001,1100100),11.,440,444,446,447,
4411440,458,459,400,460,487,491.

1111010 001111 (11, 11,, 485 (ba), 186,
mm,4³1‚⁴³2‚4³³,⁴³4‚4³5‚⁴27,
100, m (10101. 111, 110, 111,,
1011, 1000, 1011, 1010.

1011111 os, 11,, 468.

1060.
letter 10, 11,, 785.

1 1111111. See 80110.

11101 (1111) the 111110, 0010010101 01, 11,
1111011100, ssya, &0.), 1101111100 of,

· 10001010101,11.,450.

111111111111110, ((00 01, 0010010101 of, 11,
452.

. 11111, 1111 Vachan filius, 11,, 441.

11101011000111, 146, 192:

11111010,11011 of comnn, King 01 111-
10010, 109; 111,, 1087.

11101010, 111111, 111, 1085.

1110011. 8011110011.

1110111000111100 (1110300010, 1110111111·
tor 01, 111,, 1046.

ι 111011101101101, Barth. (11,111, 1081.

1111110011, 11001101, 111,, 1058.
1110111111111, 1041.
Ryngemere. See 111ος0111.
1110801110110801111,1110310011801111,
111,, 1048.
0111100101, 111,, 1088.
01111 of, 111.. 161.
Ringmere (Ryngemere). Gilen 01, 111,
1032, 1084, 1000.
1110111011, Thou. 01. See cantet-bury,
Christehureh, priores.
111οῃ111, Thoe. 01, 111, 10811, 1081.
1110311000, 1111011, 1110101 os, ³¹³3 iii..
1021.
1110111111, Thou. 01, 111,, 1040.
1110100011. See 1110100.
1110010 or 1110011, 11101110111101111,
1000.
(0110101111, 1018, 1080.
1101010031. 8011100111 1101010031.
11111οτ00311 (11111111, 1111111111, 1111·
bem, Rysbergh, Rywberwe, 011),
1101111, 111,, 9011, 11147.
11101111 01, 111,, 1011, 1051.
(1010101111, 1051 (bia).
Wm. 1111100111, 011100 oi. 16.

 

