INDEX.

10000, John (10111, 1018.

10110000, 10110 de 10, 111,, 1010.

10000, 11001οο11 00, prematur 01 Aqua
11010,οε0; 111, 1000.

11001. 80011010.

Yguntyl, 1011001 00, 11, 455.

10010010 (1001110οι 1), 1101. (1010 Sele,
10010101, 111, 1050.

11000 (010010 1110130), suff„ “00111”01
0011110001οο 10, 111, 1053.

11101100, 00 0000110101, 111, 000.

1110 or 111ογ 01οο0011010ιο. See lue
nonachorum.

Ylleghe. Seellleghe.

1011, 11000οη 01, 11, 500.

10111, province 01, samu 11, 4115.

101100ορ 01. 80111οΜ011100070-
10115). 11000100, John 10 (1085-
1100).

1011, 0ορ. 01, 0001 01, 111,, 1060.

Thomas, 0000001101 0110111110 to, ⁹53
11, 062.

10111001, 1103. 00, 111,, 1007.

10100111, Sampson 00111, 1001.

1000110, synon 00111, 1008.

1000110, 1101100111, 1028.

10000, 1101, 111, 1011.

10000 001101101,111, 1000.

1011010, Sampson 00, 111,, 1010.

10010011. See 1110111.

1100001, 11001. de, 111,, 1015.

10100110, 1110. (10, 111, 10³0.

101100 (1101100) Tm, 10 110100, 11, 151.

1’010001ος,10 110100, 0001010101 01 meu
01,11.,451.

1100001, me. 00, 111, 1007.

1100110100 01 1100011000. See 11]-
0110100.

101000οο, 110100 de, 0000001101 01 St.
10010, 101101 10, 111, 964.

11011, John, 111,, 1011.

 

