INDEX.

8101010111, 110111, 0000010, 111,, 1006, 1010,
1022.

810101001 (8000101001), 0010 00, 111,,
1031, 1084.

810101010 (8010100001),Τ1101. de, 0101110
de 0010000, 111, 1010.

8101010111 (8010101οω), Thoe. 00, 111,
10111002.

· 8111101010 (8010101010), Wm. 00, 111,

mm.
810101010010, 111,, 1048.
8101010111, Old (Voturi 80111010),1100101.
00, 111,, 1048.
John 00, 111, 1048.
81000001010, 00000 0181. 1’001’1,11.,040.
8100101010 (8010100010), (1111011100
l'riory, 11011.,0110101, 111, 1000.
8110011010 (8010010),100, 070; 11., 677,
700.
letters dated 01, 111,, 1000 (bia).
1100001011υο 141100 01 88. Ρο101 000
Ρο01, 01101 01, 11., 480, 004.
101101 10, 11., 480.
010101 01 81. 1101011, 014.
10)·οΙ 01000101 (81 (110011), 100, 070.
81. 80000, aennon 01, 111,, 1078.

8110001110 (80100011), 0101000000 01, .
Μώωωωὴω1

1078.
stmffimww
01011100ωο10 01, 111, 1008.
01101οο1, 111, 1073.
8100000000 (8000000010), 00101.. 111,
1070.
81011011 (8011011011), 11’10.,111.,008,000.
sibeton, 111, 008.
81000 vina, John 00, 111,, 1020.
8100110100, 11011. 00, 111,, 1008.
8101010100 (0000110100), Roget 00, 111,
1010.

8111101001, 1100. 00, 111, 1000.
8100010, 1111011100, 111, 1088.
8100010810 10111, 1001.
8110000011. See 01100οο1101.
80101, John, 111, 1088.
811110, John, 111, 1080.
8111111010οω (8101001010, 110), 110111,
0000οψ 01, 111,, 047.
00011 01, letter 1ο, 111,, 1061.
11001030 01, 111, 1001, 1016.
Sittingboum (8001ομ10100,8101001010),
John de, 111, 1048.
1106100111, 1008, 1045.
Ρο10100, 111,, 1000.
οΜοωωω
siward, (10011, 111,, 1000.
8101100100 (81010001000, 8101000100),
110101 00, 111, 1004, 1000.
81000101, 1111101101 101 11001010, q. 1.
81011010, 111, 1041.
8110000 (8100000),800000,008(01“1), 1000,
1006,1008-1010, 1017, 1074.
οΜΜοΜΜΜΜ
οηωωωοωωω
mmmmmmm
³9210; 11., 410, 000, 008. 0011, 008,
001, 082, 008, 844, 008, 000, 080 3
mmmmwwm
1008, 1080, 1041, 1000, 1008 (101),
1007, 1070, 1077.
01100101010011010 111,111,10411, 1004.
100101 01. 111.. 1011, 1088. 1040.
8110000 018100οο0, cmg. 00, 111, 1040,
1044.
John 00, 101101 1ο, 111, 1070.
1110. 00, 111, 1080, 1040, 1040.
81001000 (8111010000, 8100100000), 11001,
01010101, 111,, 1014, 1016.
81110011 (8100110), 11001, 111, 007, 000,
1000.

81111001011101 810100010111. 8008111100· 1 8100100,111000,111,1040,10401044.

boum.
8100000, 11. John 00, 111,, 1000.

Sit-nna, 111 11011, 1001010011 01, 107,188; 1
ι 10010101, 111, 1000, 1004, 1000.

11., 580.
sirmam—r. Nic.. 111,, 008.
80101101. (1110011 0111110111, 111, 1040.
8110)·11, 110001, 111,, 1044.

1 80011010, 0100 00, 11., 647.
Ι 8011100010 (80010010), (11001), 010101 01,

111,, 1011, 1011.

8001001010 (80010010), John 00111, 1040,
1000.
Wm. 00, 111, 1040.

 

