Southvick prim, 111,, 888.
convent 01, 191.
66000 01111, 1080 (bis).
prior 01, 161161 10, 191.
Andron, 0110101, 198 3 11, 866.

0001611 06 1100100, 1616 01101 01,

111,, 606, 1061.
injunctions to, 11,, 666.
161161 dated nt, 111, 1066.

8000161611, John 06, 111,, 1046.
8061011611, 1116116111, 1041.
80610, 11103 01, 160.

80610,.16106601(11’86061306). 8661606016.

Spalding, prior 01, 88.

8061116000, 1616606160, 0660 01, 1666110,

111,, 1068.

8061006161, Wm. de, iii.. 1011.
8060160600, wales. vicar 01, 111, 1028.
8061116111. 110111. 116, 011611, 111, 1019.
801661, 1110.,111., 1088.
80106,1116.06,01 81. 06016, 111, 1045.

80106111, 8161111611, 166101 01 8361000000,

111,, 1066.

Sponden, Derbynh„ incumbent 01, 111,

1014.

800116, Heu. 06, 1661010111610100,111.,

1084.
80003600, John, 111,, 1087.
sprot, 1116.. 111,, 1085.
81666, 1116.,1ὶῑ., 1044.
81611010,11,711; 111, 1014.
6116061 01, 155.
Frim Minor 61, 111, 8980.

6160066600 01, hin 01116161, 16116110,

11, 504.

81. Thomas· 0111110111, 118, 88801

111, 11116, 1081, 1068.

tenen dated 61, 116, 116, 116, nn,

81811, 89101 iii.. 10081020.
prior ot, 111. 0010, iii.. 1060.
1611616 10, ii , 505 ; 111,, 1072.
,11161111 01, 16116110, 111, 1066.
816161’,.1011006, 111,, 1048.
sunam, 11011, 111, 1061.

8161160610,11601 (8161161610),11661636, 111,

1016.
8161160111. John, 111.. 1088.

· 8160110111,11.06,111,1009.

8160011336, 8101οο 06, 11,, 618.
816000011036106, 111, 1009.
81606, 116116106111, 1088.
8100610111 866 81601010.
81606016. 866 810061.
816066 6001011 (61101 tor 806166, q. v.) ; 111,
1006.
stanford (810061010) 61101611 (Nori), iii..
1009.
stanford, 1161011 06, 111, 1011.
81603616, 1616106111, 1044.
staninges. 866 81600103.
8160163 Regis (1110311 8160161), 01006.. 11,
755.
8111001616, 11010011. 06,111., 1080, 1088.
8111010616, 1163. 06, 111,, 1042.
8111010616, 110111. 06111, 1081.
8160100, 1161160 06111, 10101049.
866016 (8160616), 11160 06111, 1044, 1048.
816016, Andron 06, 111, 1058, 1054.
816016, John 06, 111, 1040, 1044, 1946
(tn), 1011, 1011, 1016.
866016, Roget 06, 111, 1080.
816016, 8161060006 06, 111, 1085.
816016, 816011. 06, 111, 1088, 1088, 1088.
816016, Wm. de, 111, 1081, 1084.
8160161010 61101611, 111166.,111., 1022.
8160160000 (11601), 111, 1048.
61101611 01, 111, 1008, 1011.
16010101, 111, 1012.
8161101010, 11611611100060 01, 111, 1018,
1018.
8160111010, 1161011 06, 118.
81600100, Philip 06, 110. 61661 ot' 1160111111,
161161 10, 111, 876.
8160106166. See 8100016166.
816066, 11031106,111, 1014.
Stephon (60106016 0160111111, 1014.
81601160, 11103, 111,, 860.
8160060 (8160860116111,816116011111116, 016),
111,, 1015.
1611616 dated 61, 51, 81.
1161111101, 111,, 1077.
81610101, 811 110361,11.,465.
“ 6666,1ο10011,11,111.
810116, 1101. 00 16, 111, 1018.

1 81611101001110. 06, 111, 1019.

 

