11111011.

0111113010, Philip 110, 111, 1011.
0111011100, l‘h. 00, 111,,1017.
0111031111, 1011010,11., 700.
0111111111, (111101, son 01, 111, 800.
01011011010 (11111010), Rem, 11011101,
111,,1018.
10110101, 111, 1000.
01011113 (01111113), 110111, 110101 01, 111,
1011.
01101, John 00, 111,, 1011.
01111111, Λο1111100,111, 1011.
01011181100111111100. See 1111111111.
0110110. 81οΛ111.
011011011010. 801111111001010.
Euae. 8001111.
0110011101 01100000, 11111. tle, 111,, 1040,
1017.
0110111111, 8111110. de. 111,,1011.
011010 1011011), 111101 01110 11, 111, 1000.
essex, iii.. 1000.
1100110 01, 11, 001.
110100100101,11.,000 3 iii.. 1070.
1111001001 01, 1110011111, 11, 500.
011101, (100110) 00,111., 1057.
01101811010101111, 111,, 1077.
011110. 81οΛ11.
01101013 or Bstbregge. 8000101οή030.
01101011 (01101011), odo 00, 111,, 1001,
1004.
0111111010 (0011011111), 11111, 11101030
01, 111,, 1010.
01111011, 11000, 111,, 1000.
01100111, 111110 00, 111,, 1010.
01100011. 110111. 00, 111,, 1051.
011011001011100, prior 01 0110010, 101,
100.
0111111100 (011101110111),Κο111, vicange
01, 111,, 1010.
11101110010100, 111, 1018, 1010, 1004.
ralegh, 1110100, 111,, 1044.
111 10101111 (Eut Imm), 8011, 01,
rector 01, 111, 1070.
01101111 111101, ii.. 415.

1110110, ’1001Ι 00111, 1000. See Aston. ί

0111111 8101111110.
0111111 or 011110. See Eustry.

1110

11111111, John 110, 111, 1000, 10³³, 1051.
0111111, 11111010.. 1010 (bis).
0111110, Thon. 00111, 1040.
011111, Wm. 00, 111,, 1040.
011100οο1011, Martia de, 111, 1015.
10111111, Thon. 00, 111, 1004.
1111110110. See 1101111011.
0101101Ιο (0111111), 110101, 1011011 110101 11,
111, 1000, 1004.
01111111. 8000111111.
01101011111,111., 1050.
010110, 1011010110011, 111, 1000 (011).
01011, John 01, 111, 1009.
1110111 (nunno), 11010), letters 011100,
111, 1000, 1004.
0111011, 1111111 01, 111, 1000.
01011110, -, 111, 1000.
0111110, 1101111, 111, 005.
0101110, 0001, ennon 01010101, 170, 171 ;
111,,1015.
0101110110 00111, 1040.
010110 (0101100, 0101111, 01· 0111101),
(1100. de, 11010101 11111011, 111,,
1014, 1015, 1011, 1018, 1050, 1001
(bis).
letter 1ο, 111,, 1001.
01011101, 11001 01, 007.
1000111110 convent 01, 007; 11, 500,
007.
1111111 01, 11, 500.
0101111111, cardinal Hugh 01. 8001111111
(3010111111, ,11111111 01 0101111111.
011011 (80110)),0111111101, 111, 1017.
Eueno, Ralph 00, 111,, 1001.
011011, 1100100111, 1001.
01101111] 01101), (1010110101,11(001110111
101, 111, 700.
010011 (0101101801101, 01011101, 111,,
1007.

0101001101, 110, 070.

01011101 persons, iii.. 000.

010111, 00, 004, 010, 00ος 111, 000, 1017,
1000.

lettera 0110001101, 010 3 111,, 1000.

i mhdoeeonos‚⁶³,so,m.³1⁸‚as⁷.

0111111 (011111), 00111111 00, 111, 1005, 1 0111101101. See 010101101100, Walter

1007.

(ΜΘ-1000)( Quiril, 00101· (1200-

 

