· INDEX.

1100101011011 (110101100000000),001011.,

10010101, 111,, 1073.
11010,1110110111 110, 11111100 elect 01 Win-

0100101, 131, 166, 178, 306, 319, 330,

338, 377, 308, 877 ; 111, 1069.

1101001. See 11010001.

110001160,Τ101.,111., 1033.

11010001, (10111101, 111,, 1031, 1033. 1084.

1101110111, Jordan, iii.. 1031.

1101011111. 01,111., 1074.

More. Henry 110 10, 111, 1063.

11010, John (10 10, 111,, 1008.

11010, 1110110 10, 111, 1004 (11011005
1000110).

11010,110111.110 10, 111, 1033.

11010, Simon 110 10, executor 01 Wm. bp.
01 my, 110.

11010110011010111010), 110011,100101 01,
111,, 1030.

11010100 11010ρο10011 (11011110), 001001
0110101 01, 111 , 1031.

1101011οη, 111001101111100, 111,, 778.

1101111011 01 1101101000 (11010100), 11001,
0110101101111, 1005, 1011, 1030.

1101111100, 1101111000, 811 Barth. 111, 111,
1005,1030.

11011010081011100 (1) 110111, 1011.

1101111100, 1111101111, 1030.

11011ος, 00111111, 01101011 01, 111,, 1030

11010πο00000νο (1100101011011), 001011,
10010101, 111, 1073.

1101010110(11010110011), 110011, 100101 01,
111,,10311.

1101101001. 800110111001.

1101110101 01 1101100101 (1101101100 111111),
0101101101, 11, 478, 489, 431, 493, 533,
111 [100] ς 111,, 1001.

1101110101, 000010) 110, 0101111000οο 01

11001100, 36, 115, 331.
10110110, 36, 115.
1111 0010101, 331.

1101110100110301 (10, 350;11., 478, 430.
499, 5391 111, 1073.
101101 10, 350.
Ι1011011011111100111101, 350, 331.
10110110, 351.
1111 00000100, 11, 4331 111,, 1073.

1141

1101111001, 1101101110, junior, 11, 437.

Μο1111001,-, uon 01 W. 110, 11, 673.

1110111010 (110ηο101),8111101,47; 111,371,
998 (ter), 1005-1007, 1011, 1113,
1014, 1016-1019.

1011011 1101011 01, 34, 35, 40, 44, 45, 46,
47, 48, 43, 50, 61, 56, 80, 108, 196,
338, 345, 389, 391, 837, 840, 848,
343, 350, 353, 355, 856, 3571 11,
580, 581, 533, 546, 551, 633, 636,
681, 683, 641, 643, 716, 718, 713,
936, 946, 347, 948, 964, 967, 983,
1003, 1004, 1031, 1033 (bis), 1038,
10001010 (10),1011,1011, 11111,
1058-1063, 1065, 10631063, 1074,
1077.

1101100, John 110111, 334.
11011000, 811 Thon. 110, 111,, 338.
Mortua (11010100 1100011000), 110100,

01101011 01, 111, 1031.

1101100 11011. See 1101111001.
110111, John, 111,, 1038.
Μοι, 11011011, 1001.
1100101001, 1111111011, 1013.
1011011 (101011 01, 3001 111,, 1037, 1077.
(11101101 101110 canons 011011100-
11001 10, 11.. 645.

0111101,1110.,100111,0.,1111011,1011, “

1019.

11101101, 111,, 710,1013.
10010101111, 1033.
11000, 500101 110, 111,, 331.
1100000011, John 110111, 1008.
1101100001, Nic. 110111, 1043.
1101100001, 1901110, 111,, 1047.
11000010 (11013001, 11110001), 1011111011 110,
emon 01 800111 11011101, 111, 830,
891, 1006,1007, 1031, 1058.
10110110, 111,, 891.
11001011101010. 8101110101110101.
110010110011. nic. (10111, 1043.
1100110000 (1100101100), 811111, 01101011 01,
139.

110Ιο1011, 1701110111, 1054.
1101100 01 11011000. See 110111100.

1100010011 (110010 Caninio), 1110011110,
lady, 111, 1033, 1010.

113

 

