11101111.

011031,1110.,111., 1000.
0130100101(013011101110), 111111, choreb
01,111., 1011.

0110010001, 110111. 00, 111,, 1010.

0101031011 (010)’111000,010.), Kont, 111,
1000.

01101011 01,1ι1, 1010.
11001031 ο1,111., 1019.
11010101, 111, 1010, 1061.

01010101101010000, 111, 1008.

0101010110. Wm. 01,111.,1019.

010111, 1110011, 111111 00110 01, 86.

0101011111111110110 1101111111, 0010. S. 1101101
10 Ρο111111.

see 00011001010010.
0111110 (Urbs Vetus), 1111110 1111110 01,
00000000
01011, John 111, 111, 1010.
00301, 1110.,1111.,111, 1066.
0000) Abbey, (11011, 111,, 1062.
0101103, John 111, 111, 1012.
01010030, Simon do, 111,, 1008.
01011113, 11101, 11111100110 01, 111,, 1000.
01011031, Domus 1)11 111, a brother 01, 111,,
1000.

01011031, Domus 111101, 110010 00, 111,,
1000.

Ostia 0001’1ΙΙο111,Ι.011001,1)111100 01, 111111
10, 20.

0110031100311 (Wettonhongert), Kent‚
01101011 01, 111, 1017.

01110011) (Crux 01010101), 0111001111, 100111

01, 11,, 161.
constable 01,11., 180.
0111103111οι1 or (1111100100 (01111010),
11001, 1101111 01, 111,, 1019, 1019.

010110311οη0, 11111. 111,,111, 1000.

1)111103100111,.1000 00111, 1019.

011010 (01101010), 11101, 11,, 689, 716
fflwhmwmmo
-mmmwmwm
1009,1050.

letters 1101111 01, 60, 66, 68, 219, 220,
mmmffimwm
mmmmmwm
620, 601,685, 680, 090,091, 690,
ῚΜΛΗΛΜ1Μᾙ1ὤβΗΛΝ,
mmmmmmm

114⁵

011010-0001.
fflfflwwwmffl
1011,1015,1070,1077,1070.
monor 01, 220.
proposed 010 0110011 01, 11, 716.
011031. prisonem 1001010 01 111,, 911.
01101011 01,111., 1029.
110311 0110011110 01,111., 1019.
011010 (01111010), Adam 01, 111, 1001,
wmwo.
otford, John 00, 111, 1019.
Otho, statutos 01, 11,, 7081 111,, 891.
Otho (Otto) 000 01101100, statutos 01, 111,,
7911099, 092.
0111011100, Str Rolph 110, 111,, 1019.
0111030000, 1110. 01, 0111111, iii.. 1000.
0100310101, John 01, 111, 1011.
011110, Thoe. 01, iii.. 1007, 1009.
01111010 (0111030101111111, 11101011 01,
mmm
1011010 01, 111,, 1019.
0011103010, John 01, 111,, 1010.
01111100, Demo, prior 01, 101101 10,111.,
1067.
01111), 11110011101111 01, 920.
01101011,ρο0111 113011 10 1103100100ος 11,
ωωωωηωωμο
0001001011. See 1111010111.
0110110311, John de, 111, 1019.
0101100001, 11001, 11,, 090.
the 1010 01, 11,, 096.
0101100001, Simon 00, 111, 1017, 1060
(bia).
Overton, 1000., 111, 1010.
0110311000 (0110301000), Suu.. Wn.
101101 01, 111, 1000.
0111, 1001100111, 985.
Owen, 11011000, oon 01, 11, 100.
0110011, 10111100100 01, 11, 010.
0011101311,11011.,111., 1008, tou.
Oxeburg' (0001113111, 01110131), Ηιωο
111, 1110101 0100110011, 7101 111, 1018,
1019.
1)111)01311,.10110 01, 111,, 1010.
011010, 991 11,, 7191 111,, 009, 0611006,
095,911,959.
0110110 01, 111.. 978.
1110010101 111010 01, 111, 961.

 

