INDEX.

1110110110 St. 11011110010101111, 1055.
1110000, 11010100, 111, 1081, 1085.
1110000οα110, 11,, 497.

8100101111, 1110, 111,, 1089.

Β101100, 1011011011ιο 01, 1301 11,, 748.
11101100, 11. 11011.110,111., 1047.

Ἢέιυὴ 110, 1100110101 01 110101010, 111,

111011. 8008111130.

11101(ςο 1(0131311110, 1110111, Breg'), 1101111100,

111101. 110, 111,, 1088.

John 110, 111, 1088-1040.

Thon. 110,111., 1088.
11103001. 8001111080.
11101, 0101011 111, 1101111011 11100, 887.
1110001101· (111011010110),Κο111,111, 1011.
1110111110, Chr. 110,111, 1088.
1110111110, 1’0101110,111., 1088.
810111, (1111, 111,, 1080.
1110010101ιί 0101011100. 11100, iii ‚ 1014.
1110111011 (111011101),110111,111, 1018.
1110110. See 11111101.
11101, 11011011, 0111100 01 1011000, 888.
Bm. 1110110110,11001(1101011101011 00, 858,

111, 1070.

1110100, Thes.. 111, 1058.
111011, 1110. 10111, 1040.
1110110110,101101111101011 81111, 1015, 1078.
8101101010, 111011. 110, 011, 11, 418.

811011011οο (811011011100), Peter de, 111,,
8111111011, 111, 1041.

11111180 ι(0812111101), 11001, 111,, 1048, 1048,

0101011100 1011101111, 1048.
111111300011101111101, 155 3 11,, 887.
8110110110111 11000011’,11.,588, 787.
1111111010, 111, 1049.

8111101110, 0101110. 0100111010οη,848
1111101110, 1110. 00, 11,, 847.

1111001000, 110111.,111., 1087.

1111111111 (8011111000 01, 158.
1111101111οῐ0, 11111. 110, 111.. 1048.

8111101, 111.. 1011.
1011011 0111011 11, 111, 1084, 1074.

st. Augustino& Abbey, 88 3 111, 1084.
10110110, 88.
111801 01, 111,, 1018.

81111011, Wm. 00, 11,, 847.
8111101111, John 00, 111, 1048.
Britain, 11110 01, 849.
1 01111,11ω. (ob. 1011), 111,, 010.
1 8111101100, 110111.,10010101,111., 1047.

8100, 1110. 10,111., 1048.
8100101111. See 1110101000.
, 81000000, John de, 111, 1087.
¹ 8100110110, John 00, 111, 1047.
81001011, 110101 00, 011, 11, 788.
. Β1ο1’. See 810010.
81011, Wm. de, 111,, 998.
8101101010 (81001000), 0101011 01, 111,,
1088.
100101 01, 111,, 1089.
1110110111, 1111111001, 1044.
810111, 11011. 00111, 1084.
1110101010,1010 01, 111, 1078.
1110101111 (1101010110), Suu„ vicmge 01,
111,,1008.
8101010101, 8010100, 111,, 1088.
81011110, 1110.,110111 01, 111, 1084.
8101111001. See 8101111010.
111011οε0001δο, Walter, 11110001 810101
(11101100), 11, 10, 44, 111, 010;
111, 1088, 1084, 1087, 1088, 1074.
1011010 10, 44, 181.
hin property. 108411.
8100110 (8101’),11011.,001111 01, 188.
Β1οω1011010,101100 10001, 0101100001, 90.
1110000011, 110111100011011, 111, 1080.
81011ορ011, Thon. 00, canonos 8111111011,
111,, 1048. ,
Bruges. See Bridgenorth.
Bmgges, 8011100111, 1084.
1110111000 (8111000107) 010101 01, 111,
1018.

8101110100, Wm. 00, 11111100, 11,, 885.
1110111, Hugh, 010011 01 11011111, 810.
1110011000 01,, Nori„ 111,, 1008.
8101, Walter 10, 11, 785.
8101, 111111.,1ἰ1, 1045.
11101011, 11, 470, 474.
81111111, 1101011101 101101, 10011001 01 010
1110111 11111100, 11, 488, 474.
11101010, 110111. 00 10,11., 788.
² 81) 1111101100, 01110111.. 1048.

 

