INDEX.

0101100100ρο (0100001111), 81111101. 087.
010111οο1110, 81.111111’1,11001, 111,, 1018.

0101000 (1310100000, (1010000, 010100·
1100, 01010000, 01010000),111.,1006,
1009, 1011, 1012, 1019, 1031,
lma-7.

10110111 011100 111, 53, 59, 01 ς 11, 533 1
111. 951, 952, 954, 1091, 1021, 1034,
00οωωωοοω0

1100111ςο 01,111, 1011.

dmmwfflmm

110110 01, 10110111 103011111, 1030,
mmw.

10010101, 111, 1011, 1056.

0110100 01, 111, 1031.

· ο101011110011101010,111., 1049, 1051.

1110 11111131 1100111011 111, 111, 1073.

0101000, 010100οο, 01010000, 01010000,
0101011000, 0101000, 0101000000 :-

0010000, 11001010, or 1100111001 00. 111,,
1051, 1052, 1051.

11010. 00, 111,, 1034.

myas 110,111., 1050.

(1110011 01, 111,, 1050.

1000 100 0111110011, 111,, 1050.

10110 00, 11,, 611; 111.,1040,1051.

1111011. 111, 111,, 1047.

11011. 00111, 1031.

1100011 00, 111,, 1056.

1110. 00, 111,, 1031, 1010.

01011100, 110001 01, 38.

01011000, 1111000111. 1033.

eruce, 11οο011 de, 117.

011100, Simon 00, 360.

0100010011. de, 111, 1000, 1003, 1014-15.

0100011111, 1110110111, 1037, 1088.
official 01 0010001101, 101101 10, 111.
051. See also 0010001101, official 01.
0101010101, 111 1111011100 (11001), 11..
396.

(10111, 11001100 00, 11, 415.
0100111111 (11001), 0001011 01, ii.. 518, 519,
ωωωοωῌω
0111110001,11., 334, 556.
0111000010 1111100111, 1014.
101101· 001011 11, 111, 1003 ( 011).

U 11119.

01001100, 111, 1011.
1011011 dated 111, 87, 38, 80.
0111111110, 100, 191 ; 11,, 406.
money 10111, 11, 835-030.
Crux 01111101. See 01001111.
01101, 110111ου1 00, 111 , 097.
01101. 00111001 00,111., 1000
01101, Nic. 110, 111, 000, 1019, 1075 (bia).
Cu, 11101, 111,, 1031.
00010010 (0001111010), 1011,,111, 1043.
See 00101000.
0010100, 11οο1. 00111, 1010.
Culinge (001111ος 1),100101ο1,111, 1031.
0010111001, 00100, 000100 01, 170, 1711
111,,1013.
00001,11001. de, 111, 1031.
0001110 (Combe Longu, 01007),10010101
111.,1068.
0110100, 11001. 00,111., 1035.
(lumbe, william de, 113.
0000000010 110001, (cumbermere),
0110111110, 11,, 127, 108.
110001 01, 00ος 11,, 4014301 111,
1020, 1023, 1013.
0010000011, 11001, 110001 01, 111,, 1006.
prior 01, 111,, 1010, 1010.
0010011011, 11. 1100. 00111, 1038.
01111011, 0011100 01, 1111101, 111,, 1073.
comminister, 1110.,111., 1043.
0111110. 100101 01, (1111111011 dioc.. 111, 1010.
00110001, 010οο111 00, 811. 87.
01. See 1111110101.

D

11,, (0010001101 11100.),1., 100101 01, letter
10, 11,, 1180.

0111000110, Wm. 110, 111,, 1030.

0130010110, 11001. 00111, 1050.

10110. See 11001.

nale. 11100000.111. 1011.

111110, 1110, 10010101, 111,, 1037, 1033.

1)110,11.’,0’10. 00111, 1032, 1035.

Y

 

